49
55
60
84
106
139
166
185
234
250
265
278
318
339
339
350
354
411
574
772
867
923
960
1053
1059
1241
1316
1447
1496
1575
1584
1593
1676
1786
1821
1856
1896
2020
2154
2173
2222
2259
2273
2275
2316
2349
2487
2591
2641
2643
2915
2921
2943
2953
2970
3026
3084
3108
3183
3236
3249
3263
3410
3488
3512
3582
3632
3654
3666
3701
3709
3728
3730
3746
3774
3816
3835
3851
3877
3917
3938
4128
4140
4152
4169
4272
4354
4411
4462
4488
4499
4536
4555
4560
4618
4908
4987
5027
5060
5073
5098
5142
5173
5238
5250
5314
5322
5369
5376
5414
5458
5598
5679
5707
5739
5773
5826
5899
6088
6105
6159
6160
6168
6175
6218
6430
6539
6605
6641
6736
6817
6866
6897
7109
7188
7307
7401
7405
7432
7573
7593
7605
7606
7623
7627
7629
7674
7684
7710
7736
7819
7829
7873
7888
7911
7944
7967
8004
8026
8063
8234
8316
8389
8392
8406
8461
8483
8497
8601
8653
8879
8896
8915
8973
8984
9011
9056
9108
9158
9163
9289
9289
9302
9328
9465
9517
9518
9540
9588
9655
9660
9723
9765
9771
9974
10032
10059
10078
10081
10251
10427
10461
10560
10561
10681
10688
10867
10889
10891
10922
11135
11154
11155
11171
11209
11218
11276
11326
11355
11427
11446
11467
11532
11540
11554
11685
11728
11786
11801
11806
11846
11904
12223
12245
12275
12314
12347
12355
12378
12481
12489
12587
12672
12880
12891
12954
13004
13007
13053
13070
13150
13150
13216
13257
13401
13432
13545
13574
13631
13700
13727
13750
13789
13841
13893
14054
14131
14223
14284
14286
14344
14591
14593
14691
14700
14772
14800
14859
14876
14961
15009
15232
15300
15320
15340
15347
15386
15429
15443
15463
15492
15518
15533
15585
15650
15709
15730
15736
15736
16078
16180
16214
16230
16289
16323
16386
16525
16560
16593
16612
16621
16665
16695
16717
16849
16930
16975
17004
17021
17109
17116
17182
17316
17349
17390
17401
17605
17742
17771
17775
17784
17956
17967
17985
18104
18123
18165
18190
18208
18232
18244
18273
18328
18371
18404
18469
18544
18560
18571
18593
18603
18756
18764
18883
19094
19111
19115
19120
19151
19159
19204
19292
19367
19384
19485
19578
19668
19690
19735
19761
19800
20028
20042
20042
20058
20084
20147
20169
20176
20193
20201
20387
20418
20431
20467
20589
20679
20729
20787
20810
20853
20909
21004
21014
21018
21057
21145
21152
21244
21289
21311
21319
21377
21392
21437
21544
21604
21651
21651
21684
21891
21955
21975
22050
22117
22152
22178
22269
22401
22437
22448
22452
22492
22529
22653
22658
22676
22689
22759
22812
22817
22862
22913
22924
22933
22946
22952
23028
23114
23126
23127
23192
23229
23404
23420
23443
23446
23448
23544
23564
23693
23719
23721
23742
23782
23812
23878
23928
23993
24059
24067
24079
24081
24143
24279
24453
24454
24667
24777
24904
24976
25030
25065
25079
25127
25142
25152
25152
25329
25376
25436
25491
25592
25608
25641
25736
25752
25791
25811
25827
25886
25935
26034
26056
26132
26206
26269
26312
26313
26336
26397
26398
26411
26483
26515
26690
26775
26778
26829
26873
26917
26930
26931
27018
27068
27079
27112
27142
27252
27269
27434
27450
27458
27483
27527
27615
27663
27705
27715
27753
27772
27961
28071
28071
28136
28142
28197
28218
28282
28319
28396
28492
28613
28790
28836
28953
29050
29060
29207
29264
29429
29496
29708
29744
29753
29799
29843
29898
29987
30038
30039
30043
30124
30144
30172
30257
30263
30274
30311
30311
30322
30356
30418
30455
30541
30649
30706
30742
30799
30820
30851
30861
30876
30876
30898
30938
30949
30980
31049
31199
31279
31371
31462
31529
31533
31534
31542
31549
31561
31638
31756
31811
32170
32214
32283
32310
32395
32482
32525
32578
32584
32661
32665
32740
32772
32777
32792
32900
33055
33172
33200
33209
33399
33421
33438
33555
33565
33768
33926
33980
34003
34010
34019
34074
34184
34270
34305
34322
34381
34451
34488
34494
34540
34564
34594
34607
34640
34725
34748
34752
34756
34831
34837
34885
34929
34951
34999
35026
35092
35095
35276
35375
35391
35418
35467
35534
35659
35754
35800
36000
36020
36026
36048
36170
36296
36502
36577
36675
36703
36721
36724
36755
36853
36869
36911
37034
37065
37086
37150
37161
37341
37354
37414
37477
37524
37613
37671
37766
37780
37791
37811
38009
38020
38048
38073
38079
38135
38208
38279
38293
38318
38326
38399
38479
38498
38525
38531
38716
38761
38780
38845
38921
38938
38993
39057
39076
39092
39116
39129
39161
39211
39267
39360
39426
39475
39665
39744
39851
39904
39934
40001
40096
40258
40315
40391
40394
40503
40528
40557
40664
40755
40760
40924
41036
41053
41125
41129
41250
41350
41448
41596
41750
41789
41964
41976
42010
42044
42052
42059
42123
42147
42180
42324
42351
42443
42467
42526
42623
42642
42747
42751
42765
42801
42982
43154
43166
43304
43385
43480
43574
43598
43666
43712
43733
43741
43753
43772
43876
43948
43968
43975
43994
44025
44033
44059
44134
44209
44240
44254
44258
44327
44368
44392
44396
44488
44609
44657
44735
44791
44828
44946
44985
44986
45010
45108
45132
45139
45256
45261
45287
45288
45374
45540
45567
45652
45658
45695
45705
45790
45857
45966
46111
46162
46204
46231
46246
46249
46263
46270
46288
46320
46345
46379
46446
46505
46556
46589
46623
46691
46728
46735
46778
46813
46874
46949
46966
47024
47081
47109
47269
47377
47415
47423
47457
47492
47528
47611
47750
47774
47816
47876
47897
47917
48041
48045
48060
48074
48093
48176
48213
48297
48377
48407
48409
48413
48443
48447
48593
48801
48831
48837
48950
49146
49149
49243
49244
49349
49378
49513
49581
49586
49606
49643
49746
49763
49853
49864
49873
49881
49906
49936
49954
49973
49976
50036
50114
50146
50158
50179
50203
50232
50236
50263
50264
50315
50496
50507
50509
50529
50530
50573
50586
50622
50892
50895
50989
51012
51192
51306
51342
51414
51472
51613
51885
51947
51949
52201
52216
52251
52378
52421
52429
52474
52514
52526
52558
52809
52810
52882
53018
53036
53082
53087
53247
53327
53436
53484
53490
53514
53559
53641
53716
53728
53782
53903
53959
53961
53961
53998
54032
54059
54059
54060
54071
54073
54120
54131
54173
54197
54231
54259
54271
54273
54432
54545
54550
54576
54608
54641
54654
54656
54679
54682
54790
54898
54904
54988
55069
55216
55218
55351
55369
55396
55454
55466
55525
55550
55586
55654
55665
55669
55691
55726
56058
56135
56182
56197
56266
56269
56442
56511
56663
56722
56771
56777
56782
56789
56891
56907
56957
57003
57011
57162
57453
57456
57475
57574
57582
57587
57605
57606
57618
57649
57715
57725
57759
57786
57839
57870
57941
57951
57965
57975
58147
58164
58217
58380
58441
58476
58487
58496
58497
58563
58581
58598
58625
58745
58812
58900
58905
58932
58932
59050
59184
59217
59262
59295
59301
59377
59377
59415
59724
59735
59851
59852
59870
59986
60002
60006
60007
60040
60151
60160
60160
60171
60189
60200
60387
60390
60499
60509
60535
60553
60586
60617
60621
60640
60826
60827
60878
60901
60938
60945
60975
61240
61250
61267
61364
61420
61421
61446
61591
61612
61629
61636
61705
61871
61898
61912
62043
62064
62096
62113
62164
62254
62399
62409
62436
62451
62476
62485
62542
62695
62763
62783
62849
62929
62979
63023
63028
63052
63145
63185
63228
63261
63363
63399
63436
63468
63525
63567
63629
63655
63679
63692
63739
63865
63894
64040
64054
64066
64082
64166
64241
64655
64655
64739
64884
64971
65097
65112
65192
65214
65238
65295
65307
65308
65474
65484
65540
65540
65639
65731
65810
65822
65843
65984
66061
66074
66177
66208
66280
66293
66325
66434
66455
66480
66484
66575
66648
66677
66700
66893
66903
66923
66947
66959
66963
66978
67226
67376
67440
67453
67471
67508
67515
67644
67651
67717
67787
67800
67844
67962
68036
68133
68168
68213
68332
68471
68509
68541
68578
68611
68627
68684
68685
68775
68779
68783
68835
68921
69031
69108
69136
69167
69215
69240
69322
69322
69340
69340
69344
69362
69383
69385
69395
69400
69453
69481
69512
69532
69600
69636
69644
69761
69768
70059
70107
70147
70158
70234
70315
70323
70331
70413
70454
70583
70605
70665
70685
70736
70745
70781
70797
70824
70928
70970
70975
71060
71094
71130
71245
71287
71366
71394
71466
71477
71502
71573
71682
71711
71789
71802
71844
71884
71911
71944
71995
72063
72217
72227
72297
72382
72382
72389
72504
72534
72603
72651
72655
72662
72704
72731
72749
72757
72784
72869
72911
72986
72997
72998
73003
73152
73194
73212
73260
73358
73450
73550
73583
73592
73609
73621
73637
73716
73746
73749
73773
73834
73910
73932
73958
74071
74151
74213
74247
74264
74289
74421
74495
74546
74603
74728
74745
74770
74788
74792
74839
74859
74867
74895
74910
75054
75118
75221
75257
75263
75372
75377
75436
75443
75460
75507
75661
75678
75681
75729
75772
75784
75785
75854
75871
75880
75991
76055
76201
76260
76265
76276
76277
76290
76296
76332
76341
76444
76508
76528
76612
76683
76764
76855
76937
76952
76985
77030
77070
77085
77114
77123
77181
77192
77370
77390
77398
77501
77693
77725
77909
77927
77967
78013
78156
78158
78159
78272
78362
78374
78445
78473
78506
78534
78545
78603
78634
78648
78786
78968
79023
79041
79105
79138
79189
79198
79221
79332
79377
79424
79509
79595
79612
79622
79673
79680
79851
79862
79864
79898
79971
79979
80010
80112
80127
80128
80147
80183
80208
80213
80221
80346
80520
80573
80579
80587
80606
80764
80778
80886
80996
81051
81082
81083
81190
81192
81224
81308
81436
81476
81484
81513
81540
81559
81652
81765
81773
81774
81798
81922
81974
81984
82103
82132
82170
82197
82263
82280
82328
82349
82396
82498
82601
82691
82748
82771
82781
82902
82994
82999
83010
83096
83111
83192
83230
83315
83359
83432
83444
83479
83504
83548
83553
83633
83677
83680
83811
83954
83955
84023
84026
84074
84115
84123
84179
84257
84388
84393
84518
84524
84528
84543
84607
84670
84673
84728
84752
84755
84757
84870
84961
84971
84995
85022
85117
85140
85174
85219
85262
85279
85285
85319
85380
85382
85397
85494
85623
85650
85862
85904
85929
85985
86272
86335
86344
86444
86527
86527
86569
86607
86649
86669
86736
86791
86794
86840
86851
86921
87071
87149
87175
87188
87223
87415
87481
87730
87744
87896
87929
87949
88018
88026
88050
88183
88207
88280
88283
88302
88320
88350
88364
88375
88394
88400
88435
88448
88544
88613
88625
88634
88684
88700
88702
88705
88712
88812
88850
88854
88913
89049
89055
89174
89340
89695
89849
89873
89922
89957
89996
90328
90353
90412
90420
90531
90569
90616
90684
90813
90885
90946
91066
91190
91223
91230
91336
91444
91498
91509
91537
91616
91657
91868
91919
91926
91932
91940
91979
91999
92033
92113
92167
92273
92290
92306
92675
92699
92708
92717
92848
92914
92997
93020
93157
93247
93264
93334
93414
93661
93762
93796
93812
93889
94004
94054
94096
94120
94242
94248
94336
94459
94477
94584
94674
94743
94847
94859
94906
95219
95227
95233
95287
95325
95347
95388
95435
95668
95702
95732
95769
95803
95809
95813
95869
95879
95879
95979
95983
96019
96046
96127
96235
96242
96270
96278
96325
96418
96489
96518
96665
96674
96736
96791
96861
96872
96912
96950
97005
97090
97095
97327
97475
97561
97572
97744
97781
98047
98059
98108
98159
98208
98227
98311
98353
98368
98368
98604
98651
98658
98720
98785
99038
99137
99139
99184
99198
99219
99243
99311
99468
99638
99639
99737
99757
99786
99837
99898
99907
99917
99925
99938
99976
99989
99999
100039
100057
100215
100233
100265
100333
100352
100451
100565
100567
100599
100601
100633
100679
100701
100709
100722
100728
100903
101153
101184
101197
101236
101280
101310
101390
101475
101618
101796
101807
101843
101898
101925
102030
102074
102085
102095
102109
102112
102125
102132
102162
102225
102271
102306
102313
102350
102480
102525
102552
102591
102657
102706
102830
102929
102930
102960
102992
103110
103116
103225
103235
103400
103577
103604
103625
103806
103847
103941
103969
104369
104369
104405
104440
104502
104543
104698
104767
105025
105056
105073
105077
105080
105145
105252
105301
105444
105452
105454
105527
105559
105654
105667
105691
105737
105738
105803
105995
106014
106114
106216
106265
106378
106403
106427
106458
106526
106642
106713
106744
106747
106770
106800
106813
106839
106874
106890
106917
106973
107104
107191
107212
107270
107332
107364
107369
107385
107406
107449
107523
107527
107569
107601
